-118.2108 33.8698 0
-118.2108 33.8698 1
-118.2108 33.8698 2
-118.2108 33.8698 3
-118.2108 33.8698 4
-118.2108 33.8698 5
-118.2108 33.8698 6
-118.2108 33.8698 7
-118.2108 33.8698 8
-118.2108 33.8698 9
-118.2108 33.8698 10
-118.2108 33.8698 11
-118.2108 33.8698 12
-118.2108 33.8698 13
-118.2108 33.8698 14
-118.2108 33.8698 15
-118.2108 33.8698 16
-118.2108 33.8698 17
-118.2108 33.8698 18
-118.2108 33.8698 19
-118.2108 33.8698 20
-118.2108 33.8698 21
-118.2108 33.8698 22
-118.2108 33.8698 23
-118.2108 33.8698 24
-118.2108 33.8698 25
-118.2108 33.8698 26
-118.2108 33.8698 27
-118.2108 33.8698 28
-118.2108 33.8698 29
-118.2108 33.8698 30
-118.2108 33.8698 31
-118.2108 33.8698 32
-118.2108 33.8698 33
-118.2108 33.8698 34
-118.2108 33.8698 35
-118.2108 33.8698 36
-118.2108 33.8698 37
-118.2108 33.8698 38
-118.2108 33.8698 39
-118.2108 33.8698 40
-118.2108 33.8698 41
-118.2108 33.8698 42
-118.2108 33.8698 43
-118.2108 33.8698 44
-118.2108 33.8698 45
-118.2108 33.8698 46
-118.2108 33.8698 47
-118.2108 33.8698 48
-118.2108 33.8698 49
-118.2108 33.8698 50
-118.2108 33.8698 51
-118.2108 33.8698 52
-118.2108 33.8698 53
-118.2108 33.8698 54
-118.2108 33.8698 55
-118.2108 33.8698 56
-118.2108 33.8698 57
-118.2108 33.8698 58
-118.2108 33.8698 59
-118.2108 33.8698 60
-118.2108 33.8698 61
-118.2108 33.8698 62
-118.2108 33.8698 63
-118.2108 33.8698 64
-118.2108 33.8698 65
-118.2108 33.8698 66
-118.2108 33.8698 67
-118.2108 33.8698 68
-118.2108 33.8698 69
-118.2108 33.8698 70
-118.2108 33.8698 71
-118.2108 33.8698 72
-118.2108 33.8698 73
-118.2108 33.8698 74
-118.2108 33.8698 75
-118.2108 33.8698 76
-118.2108 33.8698 77
-118.2108 33.8698 78
-118.2108 33.8698 79
-118.2108 33.8698 80
-118.2108 33.8698 81
-118.2108 33.8698 82
-118.2108 33.8698 83
-118.2108 33.8698 84
-118.2108 33.8698 85
-118.2108 33.8698 86
-118.2108 33.8698 87
-118.2108 33.8698 88
-118.2108 33.8698 89
-118.2108 33.8698 90
-118.2108 33.8698 91
-118.2108 33.8698 92
-118.2108 33.8698 93
-118.2108 33.8698 94
-118.2108 33.8698 95
-118.2108 33.8698 96
-118.2108 33.8698 97
-118.2108 33.8698 98
-118.2108 33.8698 99
-118.2108 33.8698 100
-118.2108 33.8698 101
-118.2108 33.8698 102
-118.2108 33.8698 103
-118.2108 33.8698 104
-118.2108 33.8698 105
-118.2108 33.8698 106
-118.2108 33.8698 107
-118.2108 33.8698 108
-118.2108 33.8698 109
-118.2108 33.8698 110
-118.2108 33.8698 111
-118.2108 33.8698 112
-118.2108 33.8698 113
-118.2108 33.8698 114
-118.2108 33.8698 115
-118.2108 33.8698 116
-118.2108 33.8698 117
-118.2108 33.8698 118
-118.2108 33.8698 119
-118.2108 33.8698 120
-118.2108 33.8698 121
-118.2108 33.8698 122
-118.2108 33.8698 123
-118.2108 33.8698 124
-118.2108 33.8698 125
-118.2108 33.8698 126
-118.2108 33.8698 127
-118.2108 33.8698 128
-118.2108 33.8698 129
-118.2108 33.8698 130
-118.2108 33.8698 131
-118.2108 33.8698 132
-118.2108 33.8698 133
-118.2108 33.8698 134
-118.2108 33.8698 135
-118.2108 33.8698 136
-118.2108 33.8698 137
-118.2108 33.8698 138
-118.2108 33.8698 139
-118.2108 33.8698 140
-118.2108 33.8698 141
-118.2108 33.8698 142
-118.2108 33.8698 143
-118.2108 33.8698 144
-118.2108 33.8698 145
-118.2108 33.8698 146
-118.2108 33.8698 147
-118.2108 33.8698 148
-118.2108 33.8698 149
-118.2108 33.8698 150
-118.2108 33.8698 151
-118.2108 33.8698 152
-118.2108 33.8698 153
-118.2108 33.8698 154
-118.2108 33.8698 155
-118.2108 33.8698 156
-118.2108 33.8698 157
-118.2108 33.8698 158
-118.2108 33.8698 159
-118.2108 33.8698 160
-118.2108 33.8698 161
-118.2108 33.8698 162
-118.2108 33.8698 163
-118.2108 33.8698 164
-118.2108 33.8698 165
-118.2108 33.8698 166
-118.2108 33.8698 167
-118.2108 33.8698 168
-118.2108 33.8698 169
-118.2108 33.8698 170
-118.2108 33.8698 171
-118.2108 33.8698 172
-118.2108 33.8698 173
-118.2108 33.8698 174
-118.2108 33.8698 175
-118.2108 33.8698 176
-118.2108 33.8698 177
-118.2108 33.8698 178
-118.2108 33.8698 179
-118.2108 33.8698 180
-118.2108 33.8698 181
-118.2108 33.8698 182
-118.2108 33.8698 183
-118.2108 33.8698 184
-118.2108 33.8698 185
-118.2108 33.8698 186
-118.2108 33.8698 187
-118.2108 33.8698 188
-118.2108 33.8698 189
-118.2108 33.8698 190
-118.2108 33.8698 191
-118.2108 33.8698 192
-118.2108 33.8698 193
-118.2108 33.8698 194
-118.2108 33.8698 195
-118.2108 33.8698 196
-118.2108 33.8698 197
-118.2108 33.8698 198
-118.2108 33.8698 199
-118.2108 33.8698 200
-118.2108 33.8698 201
-118.2108 33.8698 202
-118.2108 33.8698 203
-118.2108 33.8698 204
-118.2108 33.8698 205
-118.2108 33.8698 206
-118.2108 33.8698 207
-118.2108 33.8698 208
-118.2108 33.8698 209
-118.2108 33.8698 210
-118.2108 33.8698 211
-118.2108 33.8698 212
-118.2108 33.8698 213
-118.2108 33.8698 214
-118.2108 33.8698 215
-118.2108 33.8698 216
-118.2108 33.8698 217
-118.2108 33.8698 218
-118.2108 33.8698 219
-118.2108 33.8698 220
-118.2108 33.8698 221
-118.2108 33.8698 222
-118.2108 33.8698 223
-118.2108 33.8698 224
-118.2108 33.8698 225
-118.2108 33.8698 226
-118.2108 33.8698 227
-118.2108 33.8698 228
-118.2108 33.8698 229
-118.2108 33.8698 230
-118.2108 33.8698 231
-118.2108 33.8698 232
-118.2108 33.8698 233
-118.2108 33.8698 234
-118.2108 33.8698 235
-118.2108 33.8698 236
-118.2108 33.8698 237
-118.2108 33.8698 238
-118.2108 33.8698 239
-118.2108 33.8698 240
-118.2108 33.8698 241
-118.2108 33.8698 242
-118.2108 33.8698 243
-118.2108 33.8698 244
-118.2108 33.8698 245
-118.2108 33.8698 246
-118.2108 33.8698 247
-118.2108 33.8698 248
-118.2108 33.8698 249
-118.2108 33.8698 250
-118.2108 33.8698 251
-118.2108 33.8698 252
-118.2108 33.8698 253
-118.2108 33.8698 254
-118.2108 33.8698 255
-118.2108 33.8698 256
-118.2108 33.8698 257
-118.2108 33.8698 258
-118.2108 33.8698 259
-118.2108 33.8698 260
-118.2108 33.8698 261
-118.2108 33.8698 262
-118.2108 33.8698 263
-118.2108 33.8698 264
-118.2108 33.8698 265
-118.2108 33.8698 266
-118.2108 33.8698 267
-118.2108 33.8698 268
-118.2108 33.8698 269
-118.2108 33.8698 270
-118.2108 33.8698 271
-118.2108 33.8698 272
-118.2108 33.8698 273
-118.2108 33.8698 274
-118.2108 33.8698 275
-118.2108 33.8698 276
-118.2108 33.8698 277
-118.2108 33.8698 278
-118.2108 33.8698 279
-118.2108 33.8698 280
-118.2108 33.8698 281
-118.2108 33.8698 282
-118.2108 33.8698 283
-118.2108 33.8698 284
-118.2108 33.8698 285
-118.2108 33.8698 286
-118.2108 33.8698 287
-118.2108 33.8698 288
-118.2108 33.8698 289
-118.2108 33.8698 290
-118.2108 33.8698 291
-118.2108 33.8698 292
-118.2108 33.8698 293
-118.2108 33.8698 294
-118.2108 33.8698 295
-118.2108 33.8698 296
-118.2108 33.8698 297
-118.2108 33.8698 298
-118.2108 33.8698 299
-118.2108 33.8698 300
-118.2108 33.8698 301
-118.2108 33.8698 302
-118.2108 33.8698 303
-118.2108 33.8698 304
-118.2108 33.8698 305
-118.2108 33.8698 306
-118.2108 33.8698 307
-118.2108 33.8698 308
-118.2108 33.8698 309
-118.2108 33.8698 310
-118.2108 33.8698 311
-118.2108 33.8698 312
-118.2108 33.8698 313
-118.2108 33.8698 314
-118.2108 33.8698 315
-118.2108 33.8698 316
-118.2108 33.8698 317
-118.2108 33.8698 318
-118.2108 33.8698 319
-118.2108 33.8698 320
-118.2108 33.8698 321
-118.2108 33.8698 322
-118.2108 33.8698 323
-118.2108 33.8698 324
-118.2108 33.8698 325
-118.2108 33.8698 326
-118.2108 33.8698 327
-118.2108 33.8698 328
-118.2108 33.8698 329
-118.2108 33.8698 330
-118.2108 33.8698 331
-118.2108 33.8698 332
-118.2108 33.8698 333
-118.2108 33.8698 334
-118.2108 33.8698 335
-118.2108 33.8698 336
-118.2108 33.8698 337
-118.2108 33.8698 338
-118.2108 33.8698 339
-118.2108 33.8698 340
-118.2108 33.8698 341
-118.2108 33.8698 342
-118.2108 33.8698 343
-118.2108 33.8698 344
-118.2108 33.8698 345
-118.2108 33.8698 346
-118.2108 33.8698 347
-118.2108 33.8698 348
-118.2108 33.8698 349
-118.2108 33.8698 350
-118.2108 33.8698 351
-118.2108 33.8698 352
-118.2108 33.8698 353
-118.2108 33.8698 354
-118.2108 33.8698 355
-118.2108 33.8698 356
-118.2108 33.8698 357
-118.2108 33.8698 358
-118.2108 33.8698 359
-118.2108 33.8698 360
-118.2108 33.8698 361
-118.2108 33.8698 362
-118.2108 33.8698 363
-118.2108 33.8698 364
-118.2108 33.8698 365
-118.2108 33.8698 366
-118.2108 33.8698 367
-118.2108 33.8698 368
-118.2108 33.8698 369
-118.2108 33.8698 370
-118.2108 33.8698 371
-118.2108 33.8698 372
-118.2108 33.8698 373
-118.2108 33.8698 374
-118.2108 33.8698 375
-118.2108 33.8698 376
-118.2108 33.8698 377
-118.2108 33.8698 378
-118.2108 33.8698 379
-118.2108 33.8698 380
-118.2108 33.8698 381
-118.2108 33.8698 382
-118.2108 33.8698 383
-118.2108 33.8698 384
-118.2108 33.8698 385
-118.2108 33.8698 386
-118.2108 33.8698 387
-118.2108 33.8698 388
-118.2108 33.8698 389
-118.2108 33.8698 390
-118.2108 33.8698 391
-118.2108 33.8698 392
-118.2108 33.8698 393
-118.2108 33.8698 394
-118.2108 33.8698 395
-118.2108 33.8698 396
-118.2108 33.8698 397
-118.2108 33.8698 398
-118.2108 33.8698 399
-118.2108 33.8698 400
-118.2108 33.8698 401
-118.2108 33.8698 402
-118.2108 33.8698 403
-118.2108 33.8698 404
-118.2108 33.8698 405
-118.2108 33.8698 406
-118.2108 33.8698 407
-118.2108 33.8698 408
-118.2108 33.8698 409
-118.2108 33.8698 410
-118.2108 33.8698 411
-118.2108 33.8698 412
-118.2108 33.8698 413
-118.2108 33.8698 414
-118.2108 33.8698 415
-118.2108 33.8698 416
-118.2108 33.8698 417
-118.2108 33.8698 418
-118.2108 33.8698 419
-118.2108 33.8698 420
-118.2108 33.8698 421
-118.2108 33.8698 422
-118.2108 33.8698 423
-118.2108 33.8698 424
-118.2108 33.8698 425
-118.2108 33.8698 426
-118.2108 33.8698 427
-118.2108 33.8698 428
-118.2108 33.8698 429
-118.2108 33.8698 430
-118.2108 33.8698 431
-118.2108 33.8698 432
-118.2108 33.8698 433
-118.2108 33.8698 434
-118.2108 33.8698 435
-118.2108 33.8698 436
-118.2108 33.8698 437
-118.2108 33.8698 438
-118.2108 33.8698 439
-118.2108 33.8698 440
-118.2108 33.8698 441
-118.2108 33.8698 442
-118.2108 33.8698 443
-118.2108 33.8698 444
-118.2108 33.8698 445
-118.2108 33.8698 446
-118.2108 33.8698 447
-118.2108 33.8698 448
-118.2108 33.8698 449
-118.2108 33.8698 450
-118.2108 33.8698 451
-118.2108 33.8698 452
-118.2108 33.8698 453
-118.2108 33.8698 454
-118.2108 33.8698 455
-118.2108 33.8698 456
-118.2108 33.8698 457
-118.2108 33.8698 458
-118.2108 33.8698 459
-118.2108 33.8698 460
-118.2108 33.8698 461
-118.2108 33.8698 462
-118.2108 33.8698 463
-118.2108 33.8698 464
-118.2108 33.8698 465
-118.2108 33.8698 466
-118.2108 33.8698 467
-118.2108 33.8698 468
-118.2108 33.8698 469
-118.2108 33.8698 470
-118.2108 33.8698 471
-118.2108 33.8698 472
-118.2108 33.8698 473
-118.2108 33.8698 474
-118.2108 33.8698 475
-118.2108 33.8698 476
-118.2108 33.8698 477
-118.2108 33.8698 478
-118.2108 33.8698 479
-118.2108 33.8698 480
-118.2108 33.8698 481
-118.2108 33.8698 482
-118.2108 33.8698 483
-118.2108 33.8698 484
-118.2108 33.8698 485
-118.2108 33.8698 486
-118.2108 33.8698 487
-118.2108 33.8698 488
-118.2108 33.8698 489
-118.2108 33.8698 490
-118.2108 33.8698 491
-118.2108 33.8698 492
-118.2108 33.8698 493
-118.2108 33.8698 494
-118.2108 33.8698 495
-118.2108 33.8698 496
-118.2108 33.8698 497
-118.2108 33.8698 498
-118.2108 33.8698 499
-118.2108 33.8698 500
-118.2108 33.8698 501
-118.2108 33.8698 502
-118.2108 33.8698 503
-118.2108 33.8698 504
-118.2108 33.8698 505
-118.2108 33.8698 506
-118.2108 33.8698 507
-118.2108 33.8698 508
-118.2108 33.8698 509
-118.2108 33.8698 510
-118.2108 33.8698 511
-118.2108 33.8698 512
-118.2108 33.8698 513
-118.2108 33.8698 514
-118.2108 33.8698 515
-118.2108 33.8698 516
-118.2108 33.8698 517
-118.2108 33.8698 518
-118.2108 33.8698 519
-118.2108 33.8698 520
-118.2108 33.8698 521
-118.2108 33.8698 522
-118.2108 33.8698 523
-118.2108 33.8698 524
-118.2108 33.8698 525
-118.2108 33.8698 526
-118.2108 33.8698 527
-118.2108 33.8698 528
-118.2108 33.8698 529
-118.2108 33.8698 530
-118.2108 33.8698 531
-118.2108 33.8698 532
-118.2108 33.8698 533
-118.2108 33.8698 534
-118.2108 33.8698 535
-118.2108 33.8698 536
-118.2108 33.8698 537
-118.2108 33.8698 538
-118.2108 33.8698 539
-118.2108 33.8698 540
-118.2108 33.8698 541
-118.2108 33.8698 542
-118.2108 33.8698 543
-118.2108 33.8698 544
-118.2108 33.8698 545
-118.2108 33.8698 546
-118.2108 33.8698 547
-118.2108 33.8698 548
-118.2108 33.8698 549
-118.2108 33.8698 550
-118.2108 33.8698 551
-118.2108 33.8698 552
-118.2108 33.8698 553
-118.2108 33.8698 554
-118.2108 33.8698 555
-118.2108 33.8698 556
-118.2108 33.8698 557
-118.2108 33.8698 558
-118.2108 33.8698 559
-118.2108 33.8698 560
-118.2108 33.8698 561
-118.2108 33.8698 562
-118.2108 33.8698 563
-118.2108 33.8698 564
-118.2108 33.8698 565
-118.2108 33.8698 566
-118.2108 33.8698 567
-118.2108 33.8698 568
-118.2108 33.8698 569
-118.2108 33.8698 570
-118.2108 33.8698 571
-118.2108 33.8698 572
-118.2108 33.8698 573
-118.2108 33.8698 574
-118.2108 33.8698 575
-118.2108 33.8698 576
-118.2108 33.8698 577
-118.2108 33.8698 578
-118.2108 33.8698 579
-118.2108 33.8698 580
-118.2108 33.8698 581
-118.2108 33.8698 582
-118.2108 33.8698 583
-118.2108 33.8698 584
-118.2108 33.8698 585
-118.2108 33.8698 586
-118.2108 33.8698 587
-118.2108 33.8698 588
-118.2108 33.8698 589
-118.2108 33.8698 590
-118.2108 33.8698 591
-118.2108 33.8698 592
-118.2108 33.8698 593
-118.2108 33.8698 594
-118.2108 33.8698 595
-118.2108 33.8698 596
-118.2108 33.8698 597
-118.2108 33.8698 598
-118.2108 33.8698 599
-118.2108 33.8698 600
-118.2108 33.8698 601
-118.2108 33.8698 602
-118.2108 33.8698 603
-118.2108 33.8698 604
-118.2108 33.8698 605
-118.2108 33.8698 606
-118.2108 33.8698 607
-118.2108 33.8698 608
-118.2108 33.8698 609
-118.2108 33.8698 610
-118.2108 33.8698 611
-118.2108 33.8698 612
-118.2108 33.8698 613
-118.2108 33.8698 614
-118.2108 33.8698 615
-118.2108 33.8698 616
-118.2108 33.8698 617
-118.2108 33.8698 618
-118.2108 33.8698 619
-118.2108 33.8698 620
-118.2108 33.8698 621
-118.2108 33.8698 622
-118.2108 33.8698 623
-118.2108 33.8698 624
-118.2108 33.8698 625
-118.2108 33.8698 626
-118.2108 33.8698 627
-118.2108 33.8698 628
-118.2108 33.8698 629
-118.2108 33.8698 630
-118.2108 33.8698 631
-118.2108 33.8698 632
-118.2108 33.8698 633
-118.2108 33.8698 634
-118.2108 33.8698 635
-118.2108 33.8698 636
-118.2108 33.8698 637
-118.2108 33.8698 638
-118.2108 33.8698 639
-118.2108 33.8698 640
-118.2108 33.8698 641
-118.2108 33.8698 642
-118.2108 33.8698 643
-118.2108 33.8698 644
-118.2108 33.8698 645
-118.2108 33.8698 646
-118.2108 33.8698 647
-118.2108 33.8698 648
-118.2108 33.8698 649
-118.2108 33.8698 650
-118.2108 33.8698 651
-118.2108 33.8698 652
-118.2108 33.8698 653
-118.2108 33.8698 654
-118.2108 33.8698 655
-118.2108 33.8698 656
-118.2108 33.8698 657
-118.2108 33.8698 658
-118.2108 33.8698 659
-118.2108 33.8698 660
-118.2108 33.8698 661
-118.2108 33.8698 662
-118.2108 33.8698 663
-118.2108 33.8698 664
-118.2108 33.8698 665
-118.2108 33.8698 666
-118.2108 33.8698 667
-118.2108 33.8698 668
-118.2108 33.8698 669
-118.2108 33.8698 670
-118.2108 33.8698 671
-118.2108 33.8698 672
-118.2108 33.8698 673
-118.2108 33.8698 674
-118.2108 33.8698 675
-118.2108 33.8698 676
-118.2108 33.8698 677
-118.2108 33.8698 678
-118.2108 33.8698 679
-118.2108 33.8698 680
-118.2108 33.8698 681
-118.2108 33.8698 682
-118.2108 33.8698 683
-118.2108 33.8698 684
-118.2108 33.8698 685
-118.2108 33.8698 686
-118.2108 33.8698 687
-118.2108 33.8698 688
-118.2108 33.8698 689
-118.2108 33.8698 690
-118.2108 33.8698 691
-118.2108 33.8698 692
-118.2108 33.8698 693
-118.2108 33.8698 694
-118.2108 33.8698 695
-118.2108 33.8698 696
-118.2108 33.8698 697
-118.2108 33.8698 698
-118.2108 33.8698 699
-118.2108 33.8698 700
-118.2108 33.8698 701
-118.2108 33.8698 702
-118.2108 33.8698 703
-118.2108 33.8698 704
-118.2108 33.8698 705
-118.2108 33.8698 706
-118.2108 33.8698 707
-118.2108 33.8698 708
-118.2108 33.8698 709
-118.2108 33.8698 710
-118.2108 33.8698 711
-118.2108 33.8698 712
-118.2108 33.8698 713
-118.2108 33.8698 714
-118.2108 33.8698 715
-118.2108 33.8698 716
-118.2108 33.8698 717
-118.2108 33.8698 718
-118.2108 33.8698 719
-118.2108 33.8698 720
-118.2108 33.8698 721
-118.2108 33.8698 722
-118.2108 33.8698 723
-118.2108 33.8698 724
-118.2108 33.8698 725
-118.2108 33.8698 726
-118.2108 33.8698 727
-118.2108 33.8698 728
-118.2108 33.8698 729
-118.2108 33.8698 730
-118.2108 33.8698 731
-118.2108 33.8698 732
-118.2108 33.8698 733
-118.2108 33.8698 734
-118.2108 33.8698 735
-118.2108 33.8698 736
-118.2108 33.8698 737
-118.2108 33.8698 738
-118.2108 33.8698 739
-118.2108 33.8698 740
-118.2108 33.8698 741
-118.2108 33.8698 742
-118.2108 33.8698 743
-118.2108 33.8698 744
-118.2108 33.8698 745
-118.2108 33.8698 746
-118.2108 33.8698 747
-118.2108 33.8698 748
-118.2108 33.8698 749
-118.2108 33.8698 750
-118.2108 33.8698 751
-118.2108 33.8698 752
-118.2108 33.8698 753
-118.2108 33.8698 754
-118.2108 33.8698 755
-118.2108 33.8698 756
-118.2108 33.8698 757
-118.2108 33.8698 758
-118.2108 33.8698 759
-118.2108 33.8698 760
-118.2108 33.8698 761
-118.2108 33.8698 762
-118.2108 33.8698 763
-118.2108 33.8698 764
-118.2108 33.8698 765
-118.2108 33.8698 766
-118.2108 33.8698 767
-118.2108 33.8698 768
-118.2108 33.8698 769
-118.2108 33.8698 770
-118.2108 33.8698 771
-118.2108 33.8698 772
-118.2108 33.8698 773
-118.2108 33.8698 774
-118.2108 33.8698 775
-118.2108 33.8698 776
-118.2108 33.8698 777
-118.2108 33.8698 778
-118.2108 33.8698 779
-118.2108 33.8698 780
-118.2108 33.8698 781
-118.2108 33.8698 782
-118.2108 33.8698 783
-118.2108 33.8698 784
-118.2108 33.8698 785
-118.2108 33.8698 786
-118.2108 33.8698 787
-118.2108 33.8698 788
-118.2108 33.8698 789
-118.2108 33.8698 790
-118.2108 33.8698 791
-118.2108 33.8698 792
-118.2108 33.8698 793
-118.2108 33.8698 794
-118.2108 33.8698 795
-118.2108 33.8698 796
-118.2108 33.8698 797
-118.2108 33.8698 798
-118.2108 33.8698 799
-118.2108 33.8698 800
-118.2108 33.8698 801
-118.2108 33.8698 802
-118.2108 33.8698 803
-118.2108 33.8698 804
-118.2108 33.8698 805
-118.2108 33.8698 806
-118.2108 33.8698 807
-118.2108 33.8698 808
-118.2108 33.8698 809
-118.2108 33.8698 810
-118.2108 33.8698 811
-118.2108 33.8698 812
-118.2108 33.8698 813
-118.2108 33.8698 814
-118.2108 33.8698 815
-118.2108 33.8698 816
-118.2108 33.8698 817
-118.2108 33.8698 818
-118.2108 33.8698 819
-118.2108 33.8698 820
-118.2108 33.8698 821
-118.2108 33.8698 822
-118.2108 33.8698 823
-118.2108 33.8698 824
-118.2108 33.8698 825
-118.2108 33.8698 826
-118.2108 33.8698 827
-118.2108 33.8698 828
-118.2108 33.8698 829
-118.2108 33.8698 830
-118.2108 33.8698 831
-118.2108 33.8698 832
-118.2108 33.8698 833
-118.2108 33.8698 834
-118.2108 33.8698 835
-118.2108 33.8698 836
-118.2108 33.8698 837
-118.2108 33.8698 838
-118.2108 33.8698 839
-118.2108 33.8698 840
-118.2108 33.8698 841
-118.2108 33.8698 842
-118.2108 33.8698 843
-118.2108 33.8698 844
-118.2108 33.8698 845
-118.2108 33.8698 846
-118.2108 33.8698 847
-118.2108 33.8698 848
-118.2108 33.8698 849
-118.2108 33.8698 850
-118.2108 33.8698 851
-118.2108 33.8698 852
-118.2108 33.8698 853
-118.2108 33.8698 854
-118.2108 33.8698 855
-118.2108 33.8698 856
-118.2108 33.8698 857
-118.2108 33.8698 858
-118.2108 33.8698 859
-118.2108 33.8698 860
-118.2108 33.8698 861
-118.2108 33.8698 862
-118.2108 33.8698 863
-118.2108 33.8698 864
-118.2108 33.8698 865
-118.2108 33.8698 866
-118.2108 33.8698 867
-118.2108 33.8698 868
-118.2108 33.8698 869
-118.2108 33.8698 870
-118.2108 33.8698 871
-118.2108 33.8698 872
-118.2108 33.8698 873
-118.2108 33.8698 874
-118.2108 33.8698 875
-118.2108 33.8698 876
-118.2108 33.8698 877
-118.2108 33.8698 878
-118.2108 33.8698 879
-118.2108 33.8698 880
-118.2108 33.8698 881
-118.2108 33.8698 882
-118.2108 33.8698 883
-118.2108 33.8698 884
-118.2108 33.8698 885
-118.2108 33.8698 886
-118.2108 33.8698 887
-118.2108 33.8698 888
-118.2108 33.8698 889
-118.2108 33.8698 890
-118.2108 33.8698 891
-118.2108 33.8698 892
-118.2108 33.8698 893
-118.2108 33.8698 894
-118.2108 33.8698 895
-118.2108 33.8698 896
-118.2108 33.8698 897
-118.2108 33.8698 898
-118.2108 33.8698 899
-118.2108 33.8698 900
-118.2108 33.8698 901
-118.2108 33.8698 902
-118.2108 33.8698 903
-118.2108 33.8698 904
-118.2108 33.8698 905
-118.2108 33.8698 906
-118.2108 33.8698 907
-118.2108 33.8698 908
-118.2108 33.8698 909
-118.2108 33.8698 910
-118.2108 33.8698 911
-118.2108 33.8698 912
-118.2108 33.8698 913
-118.2108 33.8698 914
-118.2108 33.8698 915
-118.2108 33.8698 916
-118.2108 33.8698 917
-118.2108 33.8698 918
-118.2108 33.8698 919
-118.2108 33.8698 920
-118.2108 33.8698 921
-118.2108 33.8698 922
-118.2108 33.8698 923
-118.2108 33.8698 924
-118.2108 33.8698 925
-118.2108 33.8698 926
-118.2108 33.8698 927
-118.2108 33.8698 928
-118.2108 33.8698 929
-118.2108 33.8698 930
-118.2108 33.8698 931
-118.2108 33.8698 932
-118.2108 33.8698 933
-118.2108 33.8698 934
-118.2108 33.8698 935
-118.2108 33.8698 936
-118.2108 33.8698 937
-118.2108 33.8698 938
-118.2108 33.8698 939
-118.2108 33.8698 940
-118.2108 33.8698 941
-118.2108 33.8698 942
-118.2108 33.8698 943
-118.2108 33.8698 944
-118.2108 33.8698 945
-118.2108 33.8698 946
-118.2108 33.8698 947
-118.2108 33.8698 948
-118.2108 33.8698 949
-118.2108 33.8698 950
-118.2108 33.8698 951
-118.2108 33.8698 952
-118.2108 33.8698 953
-118.2108 33.8698 954
-118.2108 33.8698 955
-118.2108 33.8698 956
-118.2108 33.8698 957
-118.2108 33.8698 958
-118.2108 33.8698 959
-118.2108 33.8698 960
-118.2108 33.8698 961
-118.2108 33.8698 962
-118.2108 33.8698 963
-118.2108 33.8698 964
-118.2108 33.8698 965
-118.2108 33.8698 966
-118.2108 33.8698 967
-118.2108 33.8698 968
-118.2108 33.8698 969
-118.2108 33.8698 970
-118.2108 33.8698 971
-118.2108 33.8698 972
-118.2108 33.8698 973
-118.2108 33.8698 974
-118.2108 33.8698 975
-118.2108 33.8698 976
-118.2108 33.8698 977
-118.2108 33.8698 978
-118.2108 33.8698 979
-118.2108 33.8698 980
-118.2108 33.8698 981
-118.2108 33.8698 982
-118.2108 33.8698 983
-118.2108 33.8698 984
-118.2108 33.8698 985
-118.2108 33.8698 986
-118.2108 33.8698 987
-118.2108 33.8698 988
-118.2108 33.8698 989
-118.2108 33.8698 990
-118.2108 33.8698 991
-118.2108 33.8698 992
-118.2108 33.8698 993
-118.2108 33.8698 994
-118.2108 33.8698 995
-118.2108 33.8698 996
-118.2108 33.8698 997
-118.2108 33.8698 998
-118.2108 33.8698 999
