-118.481 34.312 0.0
-118.481 34.312 50.0
-118.481 34.312 100.0
-118.481 34.312 150.0
-118.481 34.312 200.0
-118.481 34.312 250.0
-118.481 34.312 300.0
-118.481 34.312 350.0
-118.481 34.312 400.0
-118.5 34.5 0.0
-118.5 34.5 50.0 
-118.5 34.5 100.0 
-118.5 34.5 150.0 
-118.5 34.5 200.0 
-118.5 34.5 250.0 
-118.5 34.5 300.0 
-118.5 34.5 350.0 
-118.5 34.5 400.0 
-117.5 33.55 0.0
-117.5 33.55 50.0
-117.5 33.55 100.0
-117.5 33.55 150.0
-117.5 33.55 200.0
-117.5 33.55 250.0
-117.5 33.55 300.0
-117.5 33.55 350.0
-117.5 33.55 400.0
-117.5 35.5 0.0
-117.5 35.5 50.0
-117.5 35.5 100.0
-117.5 35.5 150.0
-117.5 35.5 200.0
-117.5 35.5 250.0
-117.5 35.5 300.0
-117.5 35.5 350.0
-117.5 35.5 400.0
-116.5 34.4  0.0
-116.5 34.4  50.0
-116.5 34.4  100.0
-116.5 34.4  150.0
-116.5 34.4  200.0
-116.5 34.4  250.0
-116.5 34.4  300.0
-116.5 34.4  350.0
-116.5 34.4  400.0